TSK,WpDis=True,MinDis=True,NearDis=0.5km,NearAlt=200.0m,MinFinAlt=0.0km
XTest day
E000,0,,,0,0,-1,-1,-1,-1,0,0,-1,-1,0,0,-1,-1,0,0,"",-1,-1,"",-1,,,,,,
E001,0,,,0,0,-1,-1,-1,-1,0,0,-1,-1,0,0,-1,-1,0,0,"",-1,-1,"",-1,,,,,,
E002,0,,,0,0,-1,-1,-1,-1,0,0,-1,-1,0,0,-1,-1,0,0,"",-1,-1,"",-1,,,,,,
E003,0,,,0,0,-1,-1,-1,-1,0,0,-1,-1,0,0,-1,-1,0,0,"",-1,-1,"",-1,,,,,,
E004,0,,,0,0,-1,-1,-1,-1,0,0,-1,-1,0,0,-1,-1,0,0,"",-1,-1,"",-1,,,,,,
E005,0,,,0,0,-1,-1,-1,-1,0,0,-1,-1,0,0,-1,-1,0,0,"",-1,-1,"",-1,,,,,,


